---------------------------------------------------------
MaxSum
--------------------------------------------------------
hotel----- ratio_rag:0 keywords:3 algorithm option:18
116.362736

0.763884
0.031435

92.113174
1.789398
27.762377
0.000000
0.000000
0.000000

0.000000

0.002030
1.000000
0.011636
0.012027

hotel----- ratio_rag:0 keywords:6 algorithm option:18
134.334454

0.763884
0.070499

206.504715
1.789398
64.950493
0.000000
0.000000
0.000000

0.000000

0.004321
1.000000
0.013433
0.011698

hotel----- ratio_rag:0 keywords:9 algorithm option:18
152.051211

0.763884
0.186422

381.031677
1.789398
122.217819
0.000000
0.000000
0.000000

0.000000

0.007940
1.000000
0.015205
0.011701

hotel----- ratio_rag:0 keywords:12 algorithm option:18
150.413544

0.763884
0.369574

559.184021
1.789398
187.504944
0.000000
0.000000
0.000000

0.000000

0.005968
1.000000
0.015041
0.012187

hotel----- ratio_rag:0 keywords:15 algorithm option:18
153.565000

0.763884
0.551076

657.073303
1.789398
253.148514
0.000000
0.000000
0.000000

0.000000

0.007139
1.000000
0.015356
0.011673

hotel----- ratio_rag:1 keywords:3 algorithm option:18
115.119616

0.763884
0.049213

815.585144
1.789398
289.198029
18.732674
0.540698
0.137949

0.000000

1.000000
1.514182
1.043800
0.109397

hotel----- ratio_rag:1 keywords:6 algorithm option:18
136.367551

0.763884
0.091196

975.982727
1.789398
333.564362
88.495049
0.383531
0.130007

0.000000

1.000000
1.334710
1.027162
0.073395

hotel----- ratio_rag:1 keywords:9 algorithm option:18
137.151999

0.763884
0.194111

1126.319458
1.789398
387.792084
256.019806
0.327674
0.120040

0.000000

1.000000
1.135310
1.010890
0.030933

hotel----- ratio_rag:1 keywords:12 algorithm option:18
139.261615

0.763884
0.388221

1264.023926
1.789398
457.693054
514.594055
0.326952
0.114673

0.000000

1.000000
1.349083
1.012699
0.043664

hotel----- ratio_rag:1 keywords:15 algorithm option:18
157.558093

0.763884
0.707032

1389.660767
1.789398
536.594055
921.475220
0.282393
0.105223

0.000000

1.000000
1.098100
1.008029
0.022399

hotel----- ratio_rag:0 keywords:3 algorithm option:19
116.823789

0.763884
0.017887

1467.390259
1.789398
537.415833
921.475220
0.282393
0.105223

0.000000

0.003435
1.000000
0.011682
0.012029

hotel----- ratio_rag:0 keywords:6 algorithm option:19
128.007506

0.763884
0.023866

1545.099854
1.789398
538.178223
921.475220
0.282393
0.105223

0.000000

0.003816
1.000000
0.012801
0.012272

hotel----- ratio_rag:0 keywords:9 algorithm option:19
151.676843

0.763884
0.051112

1622.762573
1.789398
538.990112
921.475220
0.282393
0.105223

0.000000

0.005181
1.000000
0.015168
0.012269

hotel----- ratio_rag:0 keywords:12 algorithm option:19
154.106942

0.763884
0.075349

1700.381592
1.789398
539.752502
921.475220
0.282393
0.105223

0.000000

0.007805
1.000000
0.015411
0.011842

hotel----- ratio_rag:0 keywords:15 algorithm option:19
148.958054

0.763884
0.130450

1777.990112
1.789398
540.425720
921.475220
0.282393
0.105223

0.000000

0.008136
1.000000
0.014896
0.011397

hotel----- ratio_rag:1 keywords:3 algorithm option:19
119.012187

0.763884
0.036114

1933.107056
1.789398
547.197998
942.227722
0.285588
0.105186

0.000000

1.000000
1.237983
1.020046
0.056720

hotel----- ratio_rag:1 keywords:6 algorithm option:19
130.907086

0.763884
0.049852

2086.705322
1.789398
556.653442
1037.485107
0.289667
0.107514

0.000000

1.000000
1.214660
1.014669
0.043991

hotel----- ratio_rag:1 keywords:9 algorithm option:19
142.203717

0.763884
0.078938

2238.372803
1.789398
565.316833
1194.108887
0.296613
0.107292

0.000000

1.000000
1.157638
1.006119
0.026319

hotel----- ratio_rag:1 keywords:12 algorithm option:19
147.180163

0.763884
0.113903

2385.215576
1.789398
576.821777
1478.673218
0.292964
0.108051

0.000000

1.000000
1.160809
1.007677
0.029743

hotel----- ratio_rag:1 keywords:15 algorithm option:19
161.675754

0.763884
0.229145

2529.945801
1.789398
587.098999
1774.118774
0.281272
0.106091

0.000000

1.000000
1.230789
1.011367
0.041324
----------------------------------------------------------
Dia
----------------------------------------------------------
hotel----- ratio_rag:0 keywords:3 algorithm option:18
89.855356

0.921859
0.033575

93.722534
1.789398
35.287128
0.000000
0.000000
0.000000

0.000000

0.001332
1.000000
0.008986
0.011537

hotel----- ratio_rag:0 keywords:6 algorithm option:18
98.750653

0.921859
0.098415

228.114548
1.789398
93.891090
0.000000
0.000000
0.000000

0.000000

0.002701
1.000000
0.009875
0.011430

hotel----- ratio_rag:0 keywords:9 algorithm option:18
113.269667

0.921859
0.291296

451.092651
1.789398
184.306931
0.000000
0.000000
0.000000

0.000000

0.004148
1.000000
0.011327
0.011469

hotel----- ratio_rag:0 keywords:12 algorithm option:18
109.757092

0.921859
0.664859

600.192932
1.789398
297.178223
0.000000
0.000000
0.000000

0.000000

0.004366
1.000000
0.010976
0.011905

hotel----- ratio_rag:0 keywords:15 algorithm option:18
109.881976

0.921859
1.168582

716.957581
1.789398
424.722778
0.000000
0.000000
0.000000

0.000000

0.005010
1.000000
0.010988
0.011370

hotel----- ratio_rag:1 keywords:3 algorithm option:18
91.787205

0.921859
0.052692

876.342468
1.789398
465.356445
3.277228
2.296072
0.966767

0.000000

1.000000
1.151964
1.006487
0.028185

hotel----- ratio_rag:1 keywords:6 algorithm option:18
101.080500

0.921859
0.119592

1039.500854
1.789398
528.534668
13.485148
1.653451
0.716593

0.000000

1.000000
1.181534
1.012100
0.036208

hotel----- ratio_rag:1 keywords:9 algorithm option:18
99.017624

0.921859
0.315822

1183.137207
1.789398
618.980225
41.633663
1.375743
0.560999

0.000000

1.000000
1.172568
1.009201
0.030806

hotel----- ratio_rag:1 keywords:12 algorithm option:18
99.379668

0.921859
0.642952

1320.217651
1.789398
729.792053
77.742577
1.504585
0.556801

0.000000

1.000000
1.160924
1.010551
0.032607

hotel----- ratio_rag:1 keywords:15 algorithm option:18
113.478490

0.921859
1.258069

1447.693848
1.789398
865.336609
134.841583
1.399369
0.541449

0.000000

1.000000
1.452869
1.012372
0.053016

hotel----- ratio_rag:0 keywords:3 algorithm option:19
92.452003

0.921859
0.018067

1525.424438
1.789398
866.287109
134.841583
1.399369
0.541449

0.000000

0.002405
1.000000
0.009245
0.011748

hotel----- ratio_rag:0 keywords:6 algorithm option:19
94.694701

0.921859
0.030285

1603.135620
1.789398
867.197998
134.841583
1.399369
0.541449

0.000000

0.002799
1.000000
0.009469
0.011897

hotel----- ratio_rag:0 keywords:9 algorithm option:19
112.802754

0.921859
0.072429

1680.799194
1.789398
868.148499
134.841583
1.399369
0.541449

0.000000

0.003494
1.000000
0.011280
0.012045

hotel----- ratio_rag:0 keywords:12 algorithm option:19
112.139701

0.921859
0.152317

1758.420532
1.789398
869.118835
134.841583
1.399369
0.541449

0.000000

0.004524
1.000000
0.011214
0.011489

hotel----- ratio_rag:0 keywords:15 algorithm option:19
106.175809

0.921859
0.296675

1836.028442
1.789398
870.098999
134.841583
1.399369
0.541449

0.000000

0.005391
1.000000
0.010618
0.011160

hotel----- ratio_rag:1 keywords:3 algorithm option:19
93.410856

0.921859
0.035405

1991.360229
1.789398
874.197998
139.237625
1.407950
0.546256

0.000000

1.000000
1.183211
1.005160
0.032443

hotel----- ratio_rag:1 keywords:6 algorithm option:19
96.669845

0.921859
0.049442

2146.493164
1.789398
879.326721
151.584152
1.415611
0.554409

0.000000

1.000000
1.255039
1.005479
0.034558

hotel----- ratio_rag:1 keywords:9 algorithm option:19
104.815890

0.921859
0.089296

2301.148193
1.789398
885.178223
175.435638
1.394040
0.541622

0.000000

1.000000
1.094511
1.001222
0.015770

hotel----- ratio_rag:1 keywords:12 algorithm option:19
106.223202

0.921859
0.158976

2454.182617
1.789398
892.940613
226.009903
1.315810
0.518202

0.000000

1.000000
1.104331
1.003633
0.020605

hotel----- ratio_rag:1 keywords:15 algorithm option:19
116.966842

0.921859
0.368734

2606.502441
1.789398
899.742554
276.356445
1.284465
0.507201

0.000000

1.000000
1.078160
1.001798
0.016828
0.028003
------------------------------------------------------
MaxSum GN
------------------------------------------------------
gn----- ratio_rag:0 keywords:3 algorithm option:18
221.405724

19.223078
2.342944

1279.425781
69.271072
92.970299
0.000000
0.000000
0.000000

0.000000

0.002513
1.000000
0.022141
0.022404

gn----- ratio_rag:0 keywords:6 algorithm option:18
325.727893

19.223078
6.048800

2413.448730
69.271072
196.792084
0.000000
0.000000
0.000000

0.000000

0.002272
1.000000
0.032573
0.025807

gn----- ratio_rag:0 keywords:9 algorithm option:18
347.787159

19.223078
13.237046

3536.267334
69.271072
318.811890
0.000000
0.000000
0.000000

0.000000

0.004665
1.000000
0.034779
0.027475

gn----- ratio_rag:0 keywords:12 algorithm option:18
425.761652

19.223078
20.077080

4651.627930
69.271072
431.267334
0.000000
0.000000
0.000000

0.000000

0.008530
1.000000
0.042576
0.028003

gn----- ratio_rag:0 keywords:15 algorithm option:18
490.070890

19.223078
30.871433

5756.988281
69.271072
545.564331
0.000000
0.000000
0.000000

0.000000

0.008208
1.000000
0.049007
0.028381

gn----- ratio_rag:1 keywords:3 algorithm option:18
246.855146

19.223078
2.504689

8058.021484
69.271072
647.247498
262.336639
0.351261
0.049894

0.000000

1.000000
1.131133
1.009449
0.028148

gn----- ratio_rag:1 keywords:6 algorithm option:18
338.910078

19.223078
7.659435

10310.750000
69.271072
801.564331
1262.059448
0.276061
0.050821

0.000000

1.000000
1.143847
1.009319
0.030472

gn----- ratio_rag:1 keywords:9 algorithm option:18
353.710560

19.223078
13.208702

12525.594727
69.271072
937.742554
2457.168213
0.286162
0.055723

0.000000

1.000000
1.374315
1.017905
0.063547

gn----- ratio_rag:1 keywords:12 algorithm option:18
425.054887

19.223078
25.373198

14634.545898
69.271072
1090.415894
4605.712891
0.247777
0.047221

0.000000

1.000000
1.153190
1.003659
0.023789

gn----- ratio_rag:1 keywords:15 algorithm option:18
441.805738

19.223078
40.656406

16616.910156
69.271072
1245.693115
7554.979980
0.239791
0.039533

0.000000

1.000000
1.095342
1.001498
0.016242

gn----- ratio_rag:0 keywords:3 algorithm option:19
233.843422

19.223078
1.031583

17764.171875
69.271072
1246.505005
7554.979980
0.239791
0.039533

0.000000

0.001281
1.000000
0.023384
0.020936

gn----- ratio_rag:0 keywords:6 algorithm option:19
329.034740

19.223078
3.334414

18911.367188
69.271072
1247.168335
7554.979980
0.239791
0.039533

0.000000

0.003466
1.000000
0.032903
0.025966

gn----- ratio_rag:0 keywords:9 algorithm option:19
383.637004

19.223078
6.789177

20058.480469
69.271072
1247.623779
7554.979980
0.239791
0.039533

0.000000

0.005558
1.000000
0.038364
0.028555

gn----- ratio_rag:0 keywords:12 algorithm option:19
381.382755

19.223078
15.659906

21205.550781
69.271072
1248.118774
7554.979980
0.239791
0.039533

0.000000

0.003844
1.000000
0.038138
0.028079

gn----- ratio_rag:0 keywords:15 algorithm option:19
437.858900

19.223078
24.730322

22352.619141
69.271072
1248.534668
7554.979980
0.239791
0.039533

0.000000

0.007188
1.000000
0.043786
0.028127

gn----- ratio_rag:1 keywords:3 algorithm option:19
219.742713

19.223078
1.675305

24647.148438
69.271072
1282.197998
7834.198242
0.247618
0.040055

0.000000

1.000000
1.238057
1.008299
0.034447

gn----- ratio_rag:1 keywords:6 algorithm option:19
319.598727

19.223078
4.230437

26941.232422
69.271072
1315.287109
8713.940430
0.258323
0.042654

0.000000

1.000000
1.187887
1.005417
0.027616

gn----- ratio_rag:1 keywords:9 algorithm option:19
404.814430

19.223078
6.989886

29222.578125
69.271072
1343.831665
9866.712891
0.261800
0.044313

0.000000

1.000000
1.098488
1.002863
0.018479

gn----- ratio_rag:1 keywords:12 algorithm option:19
378.623040

19.223078
23.591925

31433.001953
69.271072
1377.544556
11684.950195
0.268967
0.046127

0.000000

1.000000
1.096738
1.003449
0.019078

gn----- ratio_rag:1 keywords:15 algorithm option:19
459.291306

19.223078
35.585678

33627.988281
69.271072
1410.544556
14283.267578
0.269743
0.047086

0.000000

1.000000
1.343586
1.005147
0.040566
-----------------------------------------------------
Dia GN
-----------------------------------------------------
gn----- ratio_rag:0 keywords:3 algorithm option:18
182.607068

12.739064
3.681840

1221.088379
12.389381
89.821785
0.000000
0.000000
0.000000

0.000000

0.001558
1.000000
0.018261
0.018478

gn----- ratio_rag:0 keywords:6 algorithm option:18
232.690546

12.739064
12.705820

2351.440918
12.389381
210.950500
0.000000
0.000000
0.000000

0.000000

0.001357
1.000000
0.023269
0.018673

gn----- ratio_rag:0 keywords:9 algorithm option:18
239.536808

12.739064
35.891083

3460.142822
12.389381
382.930695
0.000000
0.000000
0.000000

0.000000

0.002968
1.000000
0.023954
0.019742

gn----- ratio_rag:0 keywords:12 algorithm option:18
289.487450

12.739064
59.236366

4556.435547
12.389381
550.514832
0.000000
0.000000
0.000000

0.000000

0.006897
1.000000
0.028949
0.019809

gn----- ratio_rag:0 keywords:15 algorithm option:18
323.997045

12.739064
87.664886

5640.690430
12.389381
714.534668
0.000000
0.000000
0.000000

0.000000

0.006473
1.000000
0.032400
0.020081

gn----- ratio_rag:1 keywords:3 algorithm option:18
192.062164

12.739064
3.895638

7941.418945
12.389381
811.702942
56.019802
0.922764
0.173383

0.000000

1.000000
1.042294
1.001851
0.013493

gn----- ratio_rag:1 keywords:6 algorithm option:18
243.202055

12.739064
15.275535

10202.800781
12.389381
969.287109
227.841583
0.758300
0.151617

0.000000

1.000000
1.172557
1.003315
0.024166

gn----- ratio_rag:1 keywords:9 algorithm option:18
237.415753

12.739064
33.451527

12420.271484
12.389381
1136.029663
666.712891
0.581277
0.111972

0.000000

1.000000
1.043390
1.002323
0.014532

gn----- ratio_rag:1 keywords:12 algorithm option:18
285.428268

12.739064
75.545303

14574.670898
12.389381
1359.821777
1327.712891
0.450458
0.085519

0.000000

1.000000
1.132700
1.002588
0.020494

gn----- ratio_rag:1 keywords:15 algorithm option:18
299.331718

12.739064
124.278427

16643.160156
12.389381
1597.148560
2317.069336
0.493749
0.075522

0.000000

1.000000
1.130941
1.001977
0.019563

gn----- ratio_rag:0 keywords:3 algorithm option:19
194.723090

12.739064
1.414875

17790.423828
12.389381
1598.069336
2317.069336
0.493749
0.075522

0.000000

0.001035
1.000000
0.019472
0.017606

gn----- ratio_rag:0 keywords:6 algorithm option:19
238.225172

12.739064
7.442240

18937.615234
12.389381
1598.970337
2317.069336
0.493749
0.075522

0.000000

0.002824
1.000000
0.023823
0.019255

gn----- ratio_rag:0 keywords:9 algorithm option:19
266.164837

12.739064
17.035322

20084.730469
12.389381
1599.792114
2317.069336
0.493749
0.075522

0.000000

0.004251
1.000000
0.026616
0.020882

gn----- ratio_rag:0 keywords:12 algorithm option:19
262.349776

12.739064
50.435463

21231.812500
12.389381
1600.653442
2317.069336
0.493749
0.075522

0.000000

0.003242
1.000000
0.026235
0.020262

gn----- ratio_rag:0 keywords:15 algorithm option:19
298.074600

12.739064
108.103897

22378.873047
12.389381
1601.425781
2317.069336
0.493749
0.075522

0.000000

0.005380
1.000000
0.029807
0.020320

gn----- ratio_rag:1 keywords:3 algorithm option:19
178.521978

12.739064
2.005465

24673.402344
12.389381
1613.623779
2338.504883
0.509329
0.079064

0.000000

1.000000
1.044440
1.000445
0.011753

gn----- ratio_rag:1 keywords:6 algorithm option:19
234.492949

12.739064
8.640327

26967.587891
12.389381
1630.752441
2475.900879
0.521850
0.082534

0.000000

1.000000
1.032646
1.001085
0.012096

gn----- ratio_rag:1 keywords:9 algorithm option:19
268.844101

12.739064
18.623508

29249.167969
12.389381
1651.732666
2832.881104
0.516016
0.083730

0.000000

1.000000
1.151492
1.001554
0.020925

gn----- ratio_rag:1 keywords:12 algorithm option:19
262.003914

12.739064
58.261986

31493.978516
12.389381
1673.475220
3351.524658
0.506868
0.084345

0.000000

1.000000
1.055619
1.000977
0.012816

gn----- ratio_rag:1 keywords:15 algorithm option:19
307.678208

12.739064
92.145370

33746.753906
12.389381
1697.505005
4118.059570
0.498788
0.084306

0.000000

1.000000
1.103478
1.001334
0.016615
-----------------------------------------------------
MaxSum WEB
-----------------------------------------------------
web----- ratio_rag:0 keywords:3 algorithm option:18
17.602704

8172.977539
445.495270

443.889587
145.472717
103.500000
0.000000
0.000000
0.000000

0.000000

0.001067
1.000000
0.001760
0.005584

web----- ratio_rag:0 keywords:6 algorithm option:18
14.642162

8172.977539
863.854309

567.660400
145.472717
169.500000
0.000000
0.000000
0.000000

0.000000

0.000726
1.000000
0.001464
0.253836

web----- ratio_rag:1 keywords:3 algorithm option:18
17.602704

9204.771484
530.313721

560.939819
145.472717
170.500000
1678.500000
0.261096
0.015639

0.000000

1.049014
1.105659
1.070792
0.092808

web----- ratio_rag:1 keywords:6 algorithm option:18
14.642162

9204.771484
1677.532837

781.440063
145.472717
304.750000
4787.750000
0.198371
0.021983

0.000000

1.000000
1.039066
1.013022
0.361156

web----- ratio_rag:0 keywords:3 algorithm option:19
16.911216

15633.050781
278.881592

443.122437
145.472717
0.750000
0.000000
0.000000
0.000000

0.000000

0.001017
1.000000
0.001691
0.007578

web----- ratio_rag:0 keywords:6 algorithm option:19
14.642162

15633.050781
166.831314

558.341187
145.472717
1.500000
0.000000
0.000000
0.000000

0.000000

0.000726
1.000000
0.001464
0.263711

web----- ratio_rag:1 keywords:3 algorithm option:19
16.911216

8594.188477
207.056519

557.950806
145.472717
67.750000
1678.500000
0.261096
0.015639

0.000000

1.000000
1.057703
1.025618
0.083674

web----- ratio_rag:1 keywords:6 algorithm option:19
14.642162

8594.188477
557.934509

777.470215
145.472717
136.750000
4787.750000
0.198371
0.021983

0.000000

1.000000
1.039066
1.013022
0.356521
------------------------------------------------------
Dia Web
------------------------------------------------------


web----- ratio_rag:0 keywords:3 algorithm option:18
12.747673

9976.770508
771.483704

446.143982
145.472717
126.000000
0.000000
0.000000
0.000000

0.000000

0.000852
1.000000
0.001275
0.005393

web----- ratio_rag:0 keywords:6 algorithm option:18
10.348536

9976.770508
1305.977783

569.287964
145.472717
237.000000
0.000000
0.000000
0.000000

0.000000

0.000518
1.000000
0.001035
0.252731

web----- ratio_rag:1 keywords:3 algorithm option:18
12.747673

8449.543945
582.926025

560.531372
145.472717
141.750000
51.750000
1.990338
0.260870

0.000000

1.000000
1.026494
1.011926
0.054672

web----- ratio_rag:1 keywords:6 algorithm option:18
10.348536

8449.543945
1056.799683

784.830322
145.472717
273.750000
259.750000
1.013474
0.136670

0.000000

1.000000
1.078625
1.026209
0.339628
-------------------------------------------------------
Hotel Dia eps=0.67
--------------------------------------------------------
hotel----- ratio_rag:0 keywords:3 algorithm option:18
89.855356

0.915861
0.020207

86.183960
1.789398
5.881188
0.000000
0.000000
0.000000

0.000000

0.001332
1.000000
0.008986
0.011537

hotel----- ratio_rag:0 keywords:6 algorithm option:18
98.750653

0.915861
0.031935

172.911301
1.789398
15.633663
0.000000
0.000000
0.000000

0.000000

0.002701
1.000000
0.009875
0.011430

hotel----- ratio_rag:0 keywords:9 algorithm option:18
113.269667

0.915861
0.065360

280.988586
1.789398
30.702971
0.000000
0.000000
0.000000

0.000000

0.004148
1.000000
0.011327
0.011469

hotel----- ratio_rag:0 keywords:12 algorithm option:18
109.757092

0.915861
0.130340

412.277344
1.789398
49.514851
0.000000
0.000000
0.000000

0.000000

0.004366
1.000000
0.010976
0.011905

hotel----- ratio_rag:0 keywords:15 algorithm option:18
109.881976

0.915861
0.217607

544.518372
1.789398
70.772278
0.000000
0.000000
0.000000

0.000000

0.005010
1.000000
0.010988
0.011370

hotel----- ratio_rag:1 keywords:3 algorithm option:18
91.787205

0.915861
0.037124

700.803650
1.789398
79.772278
3.277228
2.296072
0.966767

0.000000

1.000000
1.151964
1.006487
0.028185

hotel----- ratio_rag:1 keywords:6 algorithm option:18
101.080500

0.915861
0.049213

857.680603
1.789398
93.396042
13.485148
1.653451
0.716593

0.000000

1.000000
1.181534
1.012100
0.036208

hotel----- ratio_rag:1 keywords:9 algorithm option:18
99.017624

0.915861
0.086377

1015.318054
1.789398
112.851486
41.633663
1.375743
0.560999

0.000000

1.000000
1.172568
1.009201
0.030806

hotel----- ratio_rag:1 keywords:12 algorithm option:18
99.379668

0.915861
0.145158

1166.772095
1.789398
135.445541
77.742577
1.504585
0.556801

0.000000

1.000000
1.160924
1.010551
0.032607

hotel----- ratio_rag:1 keywords:15 algorithm option:18
113.478490

0.915861
0.259121

1314.302979
1.789398
163.069305
134.841583
1.399369
0.541449

0.000000

1.000000
1.452869
1.012372
0.053016
-----------------------------------------------------
Hotel MaxSum eps=1.43
-----------------------------------------------------
hotel----- ratio_rag:0 keywords:3 algorithm option:18
117.372019

0.909861
0.017517

84.675446
1.789398
0.000000
0.000000
0.000000
0.000000

0.000000

0.002030
1.000000
0.011737
0.012086

hotel----- ratio_rag:0 keywords:6 algorithm option:18
135.397018

0.909861
0.017767

162.563065
1.789398
0.000000
0.000000
0.000000
0.000000

0.000000

0.004321
1.000000
0.013540
0.011707

hotel----- ratio_rag:0 keywords:9 algorithm option:18
152.870600

0.909861
0.017777

240.499344
1.789398
0.000000
0.000000
0.000000
0.000000

0.000000

0.007940
1.000000
0.015287
0.011746

hotel----- ratio_rag:0 keywords:12 algorithm option:18
151.577465

0.909861
0.018097

318.419189
1.789398
0.000000
0.000000
0.000000
0.000000

0.000000

0.005968
1.000000
0.015158
0.012284

hotel----- ratio_rag:0 keywords:15 algorithm option:18
154.823748

0.909861
0.018347

396.333405
1.789398
0.000000
0.000000
0.000000
0.000000

0.000000

0.007139
1.000000
0.015482
0.011739

hotel----- ratio_rag:1 keywords:3 algorithm option:18
117.887443

0.909861
0.035755

552.053406
1.789398
5.227723
18.732674
0.540698
0.137949

0.000000

1.000000
1.514182
1.066939
0.129590

hotel----- ratio_rag:1 keywords:6 algorithm option:18
137.582417

0.909861
0.040144

706.956482
1.789398
11.871287
88.495049
0.383531
0.130007

0.000000

1.000000
1.334710
1.034495
0.077203

hotel----- ratio_rag:1 keywords:9 algorithm option:18
138.022324

0.909861
0.057741

859.480042
1.789398
20.712872
256.019806
0.327674
0.120040

0.000000

1.000000
1.135310
1.015876
0.033162

hotel----- ratio_rag:1 keywords:12 algorithm option:18
140.057711

0.909861
0.086607

1008.612610
1.789398
29.663366
514.594055
0.326952
0.114673

0.000000

1.000000
1.349083
1.017673
0.045004

hotel----- ratio_rag:1 keywords:15 algorithm option:18
158.365570

0.909861
0.151847

1147.516235
1.789398
38.584160
921.475220
0.282393
0.105223

0.000000

1.000000
1.287228
1.013603
0.037781
-----------------------------------------------------------
gn dia eps=0.67
-----------------------------------------------------------

gn----- ratio_rag:0 keywords:3 algorithm option:18
182.607068

12.445108
1.122159

1201.191406
12.389381
14.970297
0.000000
0.000000
0.000000

0.000000

0.001558
1.000000
0.018261
0.018478

gn----- ratio_rag:0 keywords:6 algorithm option:18
232.690546

12.445108
2.731565

2351.363281
12.389381
35.158417
0.000000
0.000000
0.000000

0.000000

0.001357
1.000000
0.023269
0.018673

gn----- ratio_rag:0 keywords:9 algorithm option:18
239.536808

12.445108
6.662016

3499.205811
12.389381
63.821781
0.000000
0.000000
0.000000

0.000000

0.002968
1.000000
0.023954
0.019742

gn----- ratio_rag:0 keywords:12 algorithm option:18
289.487450

12.445108
10.380079

4644.916016
12.389381
91.752472
0.000000
0.000000
0.000000

0.000000

0.006897
1.000000
0.028949
0.019809

gn----- ratio_rag:0 keywords:15 algorithm option:18
323.997045

12.445108
15.040269

5788.555664
12.389381
119.089111
0.000000
0.000000
0.000000

0.000000

0.006473
1.000000
0.032400
0.020081

gn----- ratio_rag:1 keywords:3 algorithm option:18
192.062164

12.445108
1.680205

8096.908203
12.389381
148.386139
56.019802
0.922764
0.173383

0.000000

1.000000
1.042294
1.001851
0.013493

gn----- ratio_rag:1 keywords:6 algorithm option:18
243.202055

12.445108
3.859864

10380.486328
12.389381
191.811874
227.841583
0.758300
0.151617

0.000000

1.000000
1.172557
1.003315
0.024166

gn----- ratio_rag:1 keywords:9 algorithm option:18
237.415753

12.445108
7.743375

12630.891602
12.389381
235.138611
666.712891
0.581277
0.111972

0.000000

1.000000
1.043390
1.002323
0.014532

gn----- ratio_rag:1 keywords:12 algorithm option:18
285.428268

12.445108
16.592720

14843.889648
12.389381
292.495056
1327.712891
0.450458
0.085519

0.000000

1.000000
1.132700
1.002588
0.020494

gn----- ratio_rag:1 keywords:15 algorithm option:18
299.331718

12.445108
28.083916

16986.992188
12.389381
353.732666
2317.069336
0.493749
0.075522

0.000000

1.000000
1.130941
1.001977
0.019563
--------------------------------------------------------
gn MaxSum eps=1.43
--------------------------------------------------------
gn----- ratio_rag:0 keywords:3 algorithm option:18
223.213409

13.158000
0.636113

1196.988281
12.389381
0.000000
0.000000
0.000000
0.000000

0.000000

0.002513
1.000000
0.022321
0.022428

gn----- ratio_rag:0 keywords:6 algorithm option:18
327.520271

13.158000
0.635084

2351.120117
12.389381
0.000000
0.000000
0.000000
0.000000

0.000000

0.002272
1.000000
0.032752
0.025747

gn----- ratio_rag:0 keywords:9 algorithm option:18
348.998915

13.158000
0.628414

3506.785889
12.389381
0.000000
0.000000
0.000000
0.000000

0.000000

0.004832
1.000000
0.034900
0.027455

gn----- ratio_rag:0 keywords:12 algorithm option:18
426.022023

13.158000
0.625655

4662.381836
12.389381
0.000000
0.000000
0.000000
0.000000

0.000000

0.008530
1.000000
0.042602
0.027984

gn----- ratio_rag:0 keywords:15 algorithm option:18
490.688789

13.158000
0.620566

5817.896484
12.389381
0.000000
0.000000
0.000000
0.000000

0.000000

0.008209
1.000000
0.049069
0.028355

gn----- ratio_rag:1 keywords:3 algorithm option:18
248.123946

13.158000
1.440791

8122.770508
12.389381
29.574257
355.445557
0.292312
0.037577

0.000000

1.000000
1.176845
1.015460
0.033703

gn----- ratio_rag:1 keywords:6 algorithm option:18
339.147518

13.158000
3.264505

10395.669922
12.389381
70.831680
1459.920776
0.249729
0.044211

0.000000

1.000000
1.158507
1.010281
0.031566

gn----- ratio_rag:1 keywords:9 algorithm option:18
354.534490

13.158000
6.405515

12617.234375
12.389381
99.801979
2989.386230
0.242899
0.045915

0.000000

1.000000
1.374313
1.021744
0.064421

gn----- ratio_rag:1 keywords:12 algorithm option:18
425.260508

13.158000
13.717274

14746.432617
12.389381
132.306931
5416.881348
0.222420
0.041495

0.000000

1.000000
1.227183
1.004910
0.030203

gn----- ratio_rag:1 keywords:15 algorithm option:18
442.119132

13.158000
26.310759

16737.687500
12.389381
166.851486
8846.148438
0.217854
0.035373

0.000000

1.000000
1.116709
1.003292
0.021305
-----------------------------------------------------------
hotel keywords per object MaxSum
----------------------------------------------------------
4
---------------------------------------------------------
hotel----- ratio_rag:0 keywords:3 algorithm option:18
83.145162

0.676897
0.018197

48.693951
1.846359
0.000000
0.000000
0.000000
0.000000

0.000000

0.001702
1.000000
0.008315
0.021046

hotel----- ratio_rag:1 keywords:3 algorithm option:18
76.870683

0.676897
0.052652

128.599655
1.846359
49.941177
316.980377
0.315539
0.048435

0.000000

1.000000
1.192613
1.034943
0.059405

hotel----- ratio_rag:0 keywords:3 algorithm option:19
89.174331

0.676897
0.045973

178.403244
1.846359
50.882355
316.980377
0.315539
0.048435

0.000000

0.002105
1.000000
0.008917
0.021223

hotel----- ratio_rag:1 keywords:3 algorithm option:19
78.151769

0.676897
0.083167

270.483398
1.846359
102.627449
629.549011
0.357710
0.053540

0.000000

1.000000
1.032716
1.000779
0.021401

---------------------------------------------------------
8
---------------------------------------------------------

hotel----- ratio_rag:0 keywords:3 algorithm option:18
47.696965

0.901863
0.020357

55.273663
2.321533
0.000000
0.000000
0.000000
0.000000

0.000000

0.001205
1.000000
0.004770
0.020709

hotel----- ratio_rag:1 keywords:3 algorithm option:18
48.296913

0.901863
0.061071

135.370346
2.321533
76.960785
333.843140
0.367614
0.073593

0.000000

1.000000
1.307939
1.046147
0.084288

hotel----- ratio_rag:0 keywords:3 algorithm option:19
49.134519

0.901863
0.089126

193.763657
2.321533
77.941177
333.843140
0.367614
0.073593

0.000000

0.000974
1.000000
0.004913
0.020677

hotel----- ratio_rag:1 keywords:3 algorithm option:19
44.934838

0.901863
0.160156

296.759918
2.321533
168.372543
756.137268
0.380676
0.073023

0.000000

1.000000
1.099208
1.002620
0.027424
--------------------------------------------------------
16
---------------------------------------------------------
hotel----- ratio_rag:0 keywords:3 algorithm option:18
47.696965

0.948855
0.021497

55.273663
2.321533
0.000000
0.000000
0.000000
0.000000

0.000000

0.001205
1.000000
0.004770
0.020709

hotel----- ratio_rag:1 keywords:3 algorithm option:18
48.296913

0.948855
0.065750

135.370346
2.321533
76.960785
333.843140
0.367614
0.073593

0.000000

1.000000
1.307939
1.046147
0.084288

hotel----- ratio_rag:0 keywords:3 algorithm option:19
49.134519

0.948855
0.095366

193.763657
2.321533
77.941177
333.843140
0.367614
0.073593

0.000000

0.000974
1.000000
0.004913
0.020677

hotel----- ratio_rag:1 keywords:3 algorithm option:19
44.934838

0.948855
0.172214

296.759918
2.321533
168.372543
756.137268
0.380676
0.073023

0.000000

1.000000
1.099208
1.002620
0.027424
-----------------------------------------------------------
24
-------------------------------------------------------------

hotel----- ratio_rag:0 keywords:3 algorithm option:18
50.621139

0.745887
0.022317

61.753597
2.647430
0.000000
0.000000
0.000000
0.000000

0.000000

0.000977
1.000000
0.005062
0.020890

hotel----- ratio_rag:1 keywords:3 algorithm option:18
55.370359

0.745887
0.117302

144.629898
2.647430
161.882355
720.666687
0.334385
0.065326

0.000000

1.000000
1.182558
1.022236
0.044076

hotel----- ratio_rag:0 keywords:3 algorithm option:19
58.163523

0.745887
0.177573

220.265671
2.647430
162.862747
720.666687
0.334385
0.065326

0.000000

0.001133
1.000000
0.005816
0.020801

hotel----- ratio_rag:1 keywords:3 algorithm option:19
59.053915

0.745887
0.237284

325.511383
2.647430
331.196075
1441.529419
0.322261
0.065154

0.000000

1.000000
1.043984
1.000880
0.022101
-----------------------------------------------------------
32
-----------------------------------------------------------
hotel----- ratio_rag:0 keywords:3 algorithm option:18
37.945079

0.945856
0.025716

68.253403
2.978333
0.000000
0.000000
0.000000
0.000000

0.000000

0.001037
1.000000
0.003795
0.020704

hotel----- ratio_rag:1 keywords:3 algorithm option:18
41.229005

0.945856
0.143038

152.214401
2.978333
207.274506
839.784302
0.352612
0.075136

0.000000

1.000000
1.473039
1.060094
0.117550

hotel----- ratio_rag:0 keywords:3 algorithm option:19
42.039848

0.945856
0.210828

226.165802
2.978333
208.254898
839.784302
0.352612
0.075136

0.000000

0.000792
1.000000
0.004204
0.020586

hotel----- ratio_rag:1 keywords:3 algorithm option:19
43.498703

0.945856
0.403659

343.013763
2.978333
407.627441
1693.588257
0.348477
0.074572

0.000000

1.000000
1.029127
1.000710
0.021202
--------------------------------------------------------------
40
--------------------------------------------------------------

hotel----- ratio_rag:0 keywords:3 algorithm option:18
36.696669

1.026844
0.025916

74.552383
3.208450
0.000000
0.000000
0.000000
0.000000

0.000000

0.000476
1.000000
0.003670
0.020656

hotel----- ratio_rag:1 keywords:3 algorithm option:18
39.703878

1.026844
0.199510

161.674515
3.208450
290.627441
1241.235352
0.343364
0.069744

0.000000

1.000000
1.291277
1.026642
0.070748

hotel----- ratio_rag:0 keywords:3 algorithm option:19
40.957337

1.026844
0.266599

253.705093
3.208450
291.607849
1241.235352
0.343364
0.069744

0.000000

0.000934
1.000000
0.004096
0.020602

hotel----- ratio_rag:1 keywords:3 algorithm option:19
42.525823

1.026844
0.454651

377.488647
3.208450
557.529419
2375.450928
0.336002
0.070633

0.000000

1.000000
1.002162
1.000065
0.020422

-----------------------------------------------------------
hotel keywords per object Dia 
----------------------------------------------------------
8
---------------------------------------------------------
hotel----- ratio_rag:0 keywords:3 algorithm option:18
70.916425

0.843872
0.018377

48.693951
1.846359
0.000000
0.000000
0.000000
0.000000

0.000000

0.001042
1.000000
0.007092
0.020985

hotel----- ratio_rag:1 keywords:3 algorithm option:18
66.449566

0.843872
0.038894

126.809387
1.846359
14.352942
24.666666
2.467409
0.596184

0.000000

1.000000
1.102054
1.019621
0.040884

hotel----- ratio_rag:0 keywords:3 algorithm option:19
75.752796

0.843872
0.034915

172.163406
1.846359
15.333333
24.666666
2.467409
0.596184

0.000000

0.001798
1.000000
0.007575
0.021109

hotel----- ratio_rag:1 keywords:3 algorithm option:19
68.619922

0.843872
0.056811

257.233490
1.846359
31.745098
52.549019
2.671269
0.619030

0.000000

1.000000
1.153267
1.003065
0.033881
---------------------------------------------------------
16
---------------------------------------------------------
hotel----- ratio_rag:0 keywords:3 algorithm option:18
41.486485

0.891864
0.020957

55.273663
2.321533
0.000000
0.000000
0.000000
0.000000

0.000000

0.000853
1.000000
0.004149
0.020679

hotel----- ratio_rag:1 keywords:3 algorithm option:18
42.331824

0.891864
0.045713

133.427963
2.321533
16.843138
27.176470
2.045455
0.645743

0.000000

1.000000
1.412938
1.021881
0.072100

hotel----- ratio_rag:0 keywords:3 algorithm option:19
44.395717

0.891864
0.045853

179.363724
2.321533
17.823530
27.176470
2.045455
0.645743

0.000000

0.000861
1.000000
0.004440
0.020674

hotel----- ratio_rag:1 keywords:3 algorithm option:19
39.573982

0.891864
0.082128

266.727417
2.321533
38.450981
66.352943
1.932624
0.552896

0.000000

1.000000
1.144333
1.004377
0.034869
---------------------------------------------------------------
24
---------------------------------------------------------------
hotel----- ratio_rag:0 keywords:3 algorithm option:18
46.059657

0.797878
0.021237

61.753597
2.647430
0.000000
0.000000
0.000000
0.000000

0.000000

0.000802
1.000000
0.004606
0.020885

hotel----- ratio_rag:1 keywords:3 algorithm option:18
50.859671

0.797878
0.053392

140.290298
2.647430
34.294117
62.784313
1.753279
0.510931

0.000000

1.000000
1.245610
1.013868
0.048924

hotel----- ratio_rag:0 keywords:3 algorithm option:19
54.028057

0.797878
0.082088

193.870499
2.647430
35.274509
62.784313
1.753279
0.510931

0.000000

0.000642
1.000000
0.005403
0.020803

hotel----- ratio_rag:1 keywords:3 algorithm option:19
55.052545

0.797878
0.101685

283.896820
2.647430
70.666664
122.980392
1.745536
0.517379

0.000000

1.000000
1.000000
1.000000
0.020417
------------------------------------------------------
32
------------------------------------------------------
hotel----- ratio_rag:0 keywords:3 algorithm option:18
34.159109

0.815876
0.024296

68.253403
2.978333
0.000000
0.000000
0.000000
0.000000

0.000000

0.000679
1.000000
0.003416
0.020688

hotel----- ratio_rag:1 keywords:3 algorithm option:18
37.408130

0.815876
0.065290

147.034988
2.978333
43.039215
80.705879
1.472789
0.482264

0.000000

1.000000
1.304714
1.022061
0.067585

hotel----- ratio_rag:0 keywords:3 algorithm option:19
39.259314

0.815876
0.091786

199.555542
2.978333
44.019608
80.705879
1.472789
0.482264

0.000000

0.000586
1.000000
0.003926
0.020586

hotel----- ratio_rag:1 keywords:3 algorithm option:19
40.222461

0.815876
0.127761

289.612610
2.978333
85.352943
158.098038
1.592459
0.504403

0.000000

1.000000
1.000000
1.000000
0.020417
------------------------------------------------------
40
------------------------------------------------------
hotel----- ratio_rag:0 keywords:3 algorithm option:18
33.435197

0.993849
0.025996

74.552383
3.208450
0.000000
0.000000
0.000000
0.000000

0.000000

0.000361
1.000000
0.003344
0.020649

hotel----- ratio_rag:1 keywords:3 algorithm option:18
36.389579

0.993849
0.076388

153.662308
3.208450
56.745098
104.490196
1.526740
0.481516

0.000000

1.000000
1.101491
1.007326
0.031322

hotel----- ratio_rag:0 keywords:3 algorithm option:19
38.362273

0.993849
0.102184

209.970322
3.208450
57.725491
104.490196
1.526740
0.481516

0.000000

0.000762
1.000000
0.003836
0.020598

hotel----- ratio_rag:1 keywords:3 algorithm option:19
39.705737

0.993849
0.195770

311.803711
3.208450
112.431374
204.411758
1.529784
0.487674

0.000000

1.000000
1.000000
1.000000
0.020417
--------------------------------------------------------
GN scale MaxSum
--------------------------------------------------------
4M
---------------------------------------------------------

gnscal----- ratio_rag:0 keywords:3 algorithm option:18
317.231243

1033.084961
231.305664

14333.208008
1090.020386
0.000000
0.000000
0.000000
0.000000

0.000000

0.006233
1.000000
0.031723
0.038452

gnscal----- ratio_rag:0 keywords:3 algorithm option:19
441.916411

1033.084961
298.980804

27809.871094
1090.020386
0.980392
0.000000
0.000000
0.000000

0.000000

0.005816
1.000000
0.044192
0.039261
----------------------------------------------------------
8M
----------------------------------------------------------

gnscal----- ratio_rag:0 keywords:3 algorithm option:18
409.310290

2136.471191
905.279175

6778.688477
2048.001465
0.000000
0.000000
0.000000
0.000000

0.000000

0.007978
1.000000
0.040931
0.117911

gnscal----- ratio_rag:0 keywords:3 algorithm option:19
383.515641

2136.471191
1031.203369

12191.280273
2048.001465
0.909091
0.000000
0.000000
0.000000

0.000000

0.003424
1.000000
0.038352
0.118297
---------------------------------------------------------
6M
----------------------------------------------------------
gnscal----- ratio_rag:0 keywords:3 algorithm option:18
408.742582

1230.548950
506.554108

5146.044434
2048.000977
0.000000
0.000000
0.000000
0.000000

0.000000

0.008058
1.000000
0.040874
0.118417

gnscal----- ratio_rag:0 keywords:3 algorithm option:19
387.326192

1230.548950
647.128723

9219.100586
2048.000977
0.909091
0.000000
0.000000
0.000000

0.000000

0.004758
1.000000
0.038733
0.118128
-----------------------------------------------------------
10M
-----------------------------------------------------------
gnscal----- ratio_rag:0 keywords:3 algorithm option:18
371.260149

2592.479004
1392.406982

8411.456055
2048.001465
0.000000
0.000000
0.000000
0.000000

0.000000

0.005804
1.000000
0.037126
0.117760

gnscal----- ratio_rag:0 keywords:3 algorithm option:19
372.906303

2592.479004
1665.588867

15163.616211
2048.001465
0.909091
0.000000
0.000000
0.000000

0.000000

0.002297
1.000000
0.037291
0.118536
---------------------------------------------------------
GN Scale Dia
---------------------------------------------------------
4M
---------------------------------------------------------
gnscal----- ratio_rag:0 keywords:3 algorithm option:18
355.944346

335.549988
895.124390

6778.708008
346.216461
0.000000
0.000000
0.000000
0.000000

0.000000

0.008438
1.000000
0.035594
0.116926

gnscal----- ratio_rag:0 keywords:3 algorithm option:19
376.577723

335.549988
954.571411

12191.303711
346.216461
0.909091
0.000000
0.000000
0.000000

0.000000

0.001898
1.000000
0.037658
0.119130
-------------------------------------------------------------
6M
-------------------------------------------------------------
gnscal----- ratio_rag:0 keywords:3 algorithm option:18
364.200282

256.957947
528.572144

5146.048340
283.153351
0.000000
0.000000
0.000000
0.000000

0.000000

0.006629
1.000000
0.036420
0.118031

gnscal----- ratio_rag:0 keywords:3 algorithm option:19
331.750186

256.957947
526.867920

9219.108398
283.153351
0.909091
0.000000
0.000000
0.000000

0.000000

0.003026
1.000000
0.033175
0.117509
---------------------------------------------------------------
8M
---------------------------------------------------------------
gnscal----- ratio_rag:0 keywords:3 algorithm option:18
364.634277

2123.716064
898.098755

6778.692383
2048.001465
0.000000
0.000000
0.000000
0.000000

0.000000

0.006879
1.000000
0.036463
0.116949

gnscal----- ratio_rag:0 keywords:3 algorithm option:19
342.432826

2123.716064
908.213013

12191.291992
2048.001465
0.909091
0.000000
0.000000
0.000000

0.000000

0.002487
1.000000
0.034243
0.117612
--------------------------------------------------------------------
10M
---------------------------------------------------------------------
gnscal----- ratio_rag:0 keywords:3 algorithm option:18
332.833546

416.438690
1401.146362

8411.459961
403.754547
0.000000
0.000000
0.000000
0.000000

0.000000

0.004406
1.000000
0.033283
0.117408

gnscal----- ratio_rag:0 keywords:3 algorithm option:19
339.511128

416.438690
1433.802490

15163.629883
403.754547
0.909091
0.000000
0.000000
0.000000

0.000000

0.001559
1.000000
0.033951
0.118337

