gnscal----- ratio_rag:0 keywords:3 algorithm option:18
116.362736

0.629274
0.023146

85.914368
1.789398
4.623763
0.000000
0.000000
0.000000

0.000000

0.002030
1.000000
0.011636
0.012027

gnscal----- ratio_rag:1 keywords:3 algorithm option:18
115.189827

0.629274
0.045407

243.775162
1.789398
16.891088
24.198019
0.413666
0.112111

0.000000

1.000000
1.820439
1.053503
0.145337

gnscal----- ratio_rag:0 keywords:3 algorithm option:18
116.362736

0.620021
0.023344

85.914368
1.789398
4.623763
0.000000
0.000000
0.000000

0.000000

0.002030
1.000000
0.011636
0.012027

gnscal----- ratio_rag:1 keywords:3 algorithm option:18
115.189827

0.620021
0.045892

243.775162
1.789398
16.891088
24.198019
0.413666
0.112111

0.000000

1.000000
1.820439
1.053503
0.145337

gnscal----- ratio_rag:0 keywords:3 algorithm option:18
116.362736

0.625672
0.023460

85.914368
1.789398
4.623763
0.000000
0.000000
0.000000

0.000000

0.002030
1.000000
0.011636
0.012027

gnscal----- ratio_rag:1 keywords:3 algorithm option:18
115.189827

0.625672
0.045950

243.775162
1.789398
16.891088
24.198019
0.413666
0.112111

0.000000

1.000000
1.820439
1.053503
0.145337

